camBoomTruck = 0.05000000074505806
camMove = 2500.0
camMoveDolly = 0.10000000149011612
camOrbit = 0.009999999776482582
camRotate = 0.009999999776482582
camScrollDolly = 0.10000000149011612
defaultGlobalVolume = 1.0049999952316284
defaultLevelLoad = 'KK1'
enterPlayModeOnStart = true
escapeCloses = false
immortal = false
loadDefaultLevel = true
modelSelectMode = 1
orthScrollSpeed = 50.0
rememberLastLevel = false
windowedStartMode = 2
