camBoomTruck = 0.05000000074505806
camMove = 3500.0
camMoveDolly = 0.10000000149011612
camOrbit = 0.009999999776482582
camRotate = 0.009999999776482582
camScrollDolly = 0.10000000149011612
defaultGlobalVolume = 0.0
defaultLevelLoad = 'BF3'
enterPlayModeOnStart = false
escapeCloses = true
immortal = true
loadDefaultLevel = true
modelSelectMode = 1
orthScrollSpeed = 200.0
rememberLastLevel = true
windowedStartMode = 2
