[ecco]
boostWheelTurnInfluence = 25.0
carMoveSpeed = 6000.0
carReverseMoveSpeed = 3000.0
controlState = false
deadZone = 0.6000000238418579
exceedingSlowIntensity = 3.5
guid = '2091576976424546894'
healingFromDamage = 2
maxCarMoveSpeed = 565.0
maxHealth = 100
maxReverseSpeed = 300.0
maxWheelAngle = 60.0
minSpeedDamageThreshold = 1.0
portionOfSidewaysSpeedKept = 80.0
sidewaysFrictionCoef = 65.0
speedBoost = 12500.0
speedBoostCooldown = 1.5
speedBoostDuration = 0.15000000596046448
speedDamage = 25
speedReductionAfterDamaging = 200.0
speedWheelTurnInfluence = 50.0
stoppingFrictionCoef = 80.0
turningCircleScalar = 0.05999999865889549
wheelDirection = [ -0.5052847266197205, 0.8629528284072876 ]
wheelTurnSpeed = 4.0

[health]
currHealth = 100
guid = '2091576976424546894'
maxHealth = 10

[modelRenderer]
guid = '2091576976424546894'
materialTint = [ 1.0, 1.0, 1.0 ]
materials = [ '0', '15449259407003476463', '15449352838481615396' ]
modelGuid = '15070486382632221399'

[rigidBody]
accel = [ 0.0, 0.0 ]
angularVel = 0.0
elasticicty = 0.0
guid = '2091576976424546894'
invMass = 0.10000000149011612
invMomentOfInertia = 0.20000000298023224
isStatic = false
netDepen = [ 0.0, 0.0 ]
netForce = [ 0.0, 0.0 ]
vel = [ 0.0, 0.0 ]

    [[rigidBody.colliders]]
    collisionLayer = 16
    guid = '2091576976424546894'
    isTrigger = false
    radius = 75.0
    type = 1
    verts = [ [ 33.0, 0.0 ] ]

    [[rigidBody.colliders]]
    collisionLayer = 4
    guid = '2091576976424546894'
    isTrigger = false
    radius = 44.0
    type = 1
    verts = [ [ 37.0, 0.0 ] ]

[sceneObject]
children = []
guid = '2091576976424546894'
name = 'Ecco'
parent = '0'
parts = 330
prefabBase = '2091576976424546894'
prefabStatus = 1
