[ecco]
boostWheelTurnInfluence = 25.0
carMoveSpeed = 6000.0
carReverseMoveSpeed = 3000.0
controlState = false
deadZone = 0.6000000238418579
exceedingSlowIntensity = 3.5
guid = '2091576976424546894'
healingFromDamage = 1
maxCarMoveSpeed = 565.0
maxHealth = 10
maxReverseSpeed = 300.0
maxWheelAngle = 60.0
minSpeedDamageThreshold = 300.0
portionOfSidewaysSpeedKept = 80.0
sidewaysFrictionCoef = 65.0
speedBoost = 12500.0
speedBoostCooldown = 1.5
speedBoostDuration = 0.15000000596046448
speedBoostHPCost = 1
speedBoostInDirectionOfBody = false
speedDamage = 25
speedReductionAfterDamaging = 200.0
speedWheelTurnInfluence = 50.0
stoppingFrictionCoef = 80.0
turningCircleScalar = 0.05999999865889549
wheelDirection = [ 0.9523025751113892, 0.3051552474498749 ]
wheelTurnSpeed = 4.0

    [ecco.boostUI]
    backgroundColour = [ 0.4274509847164154, 0.21960784494876862, 0.26926952600479126 ]
    foregroundColour = [ 0.6853627562522888, 0.4503093361854553, 0.8141592741012573 ]
    offset = [ -0.24999995529651642, -0.9284999966621399 ]
    scale = [ 0.11200003325939178, 0.045499980449676514 ]

    [ecco.healthUI]
    backgroundColour = [ 0.21960784494876862, 0.32156863808631897, 0.4274509847164154 ]
    foregroundColour = [ 0.250980406999588, 0.4901960790157318, 1.0 ]
    offset = [ -0.5109999775886536, -0.8840000033378601 ]
    scale = [ 0.37299999594688416, 0.09000000357627869 ]

[health]
currHealth = 9
guid = '2091576976424546894'
maxHealth = 10

[modelRenderer]
guid = '2091576976424546894'
materialTint = [ 1.0, 1.0, 1.0 ]
materials = [ '0', '15449259407003476463', '15449352838481615396' ]
modelGuid = '15070486382632221399'

[rigidBody]
accel = [ 0.0, 0.0 ]
angularVel = 0.0
elasticicty = 0.0
guid = '2091576976424546894'
invMass = 0.10000000149011612
invMomentOfInertia = 0.20000000298023224
isStatic = false
netDepen = [ 0.0, 0.0 ]
netForce = [ 0.0, 0.0 ]
vel = [
    2.613623974463858e-23,
    8.375074328910949e-24
]

    [[rigidBody.colliders]]
    collisionLayer = 16
    guid = '2091576976424546894'
    isTrigger = false
    radius = 71.0
    type = 1
    verts = [ [ 0.0, -46.0 ] ]

    [[rigidBody.colliders]]
    collisionLayer = 4
    guid = '2091576976424546894'
    isTrigger = false
    radius = 60.0
    type = 1
    verts = [ [ 1.0, -46.0 ] ]

[sceneObject]
children = [ '1153871057560872383' ]
guid = '2091576976424546894'
name = 'Ecco'
parent = '0'
parts = 330
prefabBase = '2091576976424546894'
prefabStatus = 1

[transform]
euler = [ -0.0017432598397135735, 72.2170181274414, -0.0004867909592576325 ]
guid = '2091576976424546894'
position = [ 1027.696044921875, 0.0, 39.150535583496094 ]
quaternion = [ 0.8079023957252502, -9.78702064458048e-06, 0.5893163681030273, 5.53314748685807e-06 ]
scale = [ 0.9997969269752502, 1.0, 0.9997969269752502 ]

[[children]]
children = []

    [children.pointLight]
    canBeTriggered = false
    colour = [ 0.0, 2.8804361820220947, 5.0 ]
    effect = 0
    guid = '1153871057560872383'
    linear = 0.1475680023431778
    on = true
    quadratic = 0.08229801058769226
    range = 30.107999801635742
    triggerTag = ''

    [children.sceneObject]
    children = []
    guid = '1153871057560872383'
    name = 'Ecco light'
    parent = '2091576976424546894'
    parts = 16
    prefabBase = '1153871057560872383'
    prefabStatus = 0

    [children.transform]
    euler = [ -2.3991878705942327e-08, 3.609862324083224e-05, -1.7821706776999235e-08 ]
    guid = '1153871057560872383'
    position = [ -7.108713150024414, 112.5583724975586, -13.327266693115234 ]
    quaternion = [ 1.0, -2.0936857803022235e-10, 3.1501991770710447e-07, -1.5552366339210977e-10 ]
    scale = [ 1.0, 1.0, 1.0 ]
