[animator]
currentAnimationGUID = '15148335964655446906'
downAnimationGUID = '15148335964655446904'
guid = '2091576976424546894'
rightAnimationGUID = '15148335964655446905'
type = '2'
upAnimationGUID = '15148335964655446903'

[ecco]
boostDamage = 150
boostKnockback = 1800.0
boostWheelTurnInfluence = 25.0
carMoveSpeed = 6000.0
carReverseMoveSpeed = 3000.0
controlState = false
deadZone = 0.6000000238418579
exceedingSlowIntensity = 3.5
guid = '2091576976424546894'
healCooldown = 2.5
healingFromDamage = 20
maxCarMoveSpeed = 630.0
maxHealth = 200
maxReverseSpeed = 300.0
maxWheelAngle = 60.0
minSpeedDamageThreshold = 300.0
portionOfSidewaysSpeedKept = 60.0
sidewaysFrictionCoef = 65.0
speedBoost = 12500.0
speedBoostCooldown = 1.5
speedBoostDuration = 0.15000000596046448
speedBoostHPCost = 40
speedBoostInDirectionOfBody = false
speedDamage = 30
speedKnockback = 1300.0
speedReductionAfterDamaging = 450.0
speedWheelTurnInfluence = 50.0
stoppingFrictionCoef = 80.0
turningCircleScalar = 0.15000000596046448
turningCircleScalarBoosting = 0.05999999865889549
wheelDirection = [ 0.21587586402893066, -0.9764208793640137 ]
wheelTurnSpeed = 4.400000095367432

    [ecco.boostUI]
    backgroundColour = [ 0.21960784494876862, 0.3907727301120758, 0.4274509847164154 ]
    foregroundColour = [ 0.4503093361854553, 0.8141592741012573, 0.8034577369689941 ]
    offset = [ -0.24999995529651642, -0.9284999966621399 ]
    scale = [ 0.11200003325939178, 0.045499980449676514 ]

    [ecco.healthUI]
    backgroundColour = [ 0.21960784494876862, 0.32156863808631897, 0.4274509847164154 ]
    foregroundColour = [ 0.250980406999588, 0.4901960790157318, 1.0 ]
    offset = [ -0.5109999775886536, -0.8840000033378601 ]
    scale = [ 0.37299999594688416, 0.09000000357627869 ]

[health]
currHealth = 79
guid = '2091576976424546894'
maxHealth = 200

[modelRenderer]
guid = '2091576976424546894'
materialTint = [ 1.0, 1.0, 1.0 ]
materials = [ '15449259407003476463', '15449352838481615396' ]
modelGuid = '2140790440003113620'

[rigidBody]
accel = [ 0.0, 0.0 ]
angularVel = -0.0
elasticicty = 0.0
guid = '2091576976424546894'
invMass = 0.10000000149011612
invMomentOfInertia = 0.20000000298023224
isStatic = false
netDepen = [ 0.0, 0.0 ]
netForce = [ 0.0, 0.0 ]
vel = [
    5.736093209509667e-24,
    -2.5944764270279714e-23
]

    [[rigidBody.colliders]]
    collisionLayer = 16
    guid = '2091576976424546894'
    isTrigger = false
    radius = 71.0
    type = 1
    verts = [ [ 0.0, -46.0 ] ]

    [[rigidBody.colliders]]
    collisionLayer = 4
    guid = '2091576976424546894'
    isTrigger = false
    radius = 60.0
    type = 1
    verts = [ [ 1.0, -46.0 ] ]

[sceneObject]
children = [ '2120176559991300301' ]
guid = '2091576976424546894'
name = 'Ecco'
parent = '0'
parts = 334
prefabBase = '2091576976424546894'
prefabStatus = 1

[transform]
euler = [ -179.9994659423828, 12.460491180419922, -899.9987182617188 ]
guid = '2091576976424546894'
isStatic = false
position = [ 2276.78466796875, 0.0, -291.2608337402344 ]
quaternion = [ 0.10852492600679398, -1.0681524145184085e-05, 0.9940866231918335, -3.507683004499995e-06 ]
scale = [ 0.9997969269752502, 1.0, 0.9997969269752502 ]

[[children]]
children = []

    [children.sceneObject]
    children = []
    guid = '2120176559991300301'
    name = 'Unnamed Scene Object'
    parent = '2091576976424546894'
    parts = 0
    prefabBase = '0'
    prefabStatus = 0

    [children.transform]
    euler = [ 0.0, 0.0, 0.0 ]
    guid = '2120176559991300301'
    isStatic = true
    position = [ 0.0, 0.0, 0.0 ]
    quaternion = [ 1.0, 0.0, 0.0, 0.0 ]
    scale = [ 1.0, 1.0, 1.0 ]
