children = []

[ecco]
boostWheelTurnInfluence = 25.0
carMoveSpeed = 6000.0
carReverseMoveSpeed = 3000.0
controlState = false
deadZone = 0.6000000238418579
exceedingSlowIntensity = 3.5
guid = '2091576976424546894'
healingFromDamage = 1
healthBackgroundColour = [ 0.21950691938400269, 0.3229888081550598, 0.4264705777168274 ]
healthForegroundColour = [ 0.25, 0.49000000953674316, 1.0 ]
healthOffsetX = -0.5109999775886536
healthOffsetY = -0.8840000033378601
healthScaleX = 0.37299999594688416
healthScaleY = 0.09000000357627869
maxCarMoveSpeed = 565.0
maxHealth = 10
maxReverseSpeed = 300.0
maxWheelAngle = 60.0
minSpeedDamageThreshold = 300.0
portionOfSidewaysSpeedKept = 80.0
sidewaysFrictionCoef = 65.0
speedBoost = 12500.0
speedBoostCooldown = 1.5
speedBoostDuration = 0.15000000596046448
speedBoostHPCost = 1
speedBoostInDirectionOfBody = false
speedDamage = 25
speedReductionAfterDamaging = 200.0
speedWheelTurnInfluence = 50.0
stoppingFrictionCoef = 80.0
turningCircleScalar = 0.05999999865889549
wheelDirection = [ -0.5052847266197205, 0.8629528284072876 ]
wheelTurnSpeed = 4.0

[health]
currHealth = 10
guid = '2091576976424546894'
maxHealth = 10

[modelRenderer]
guid = '2091576976424546894'
materialTint = [ 0.0, 0.4000000059604645, 0.800000011920929 ]
materials = [ '0', '15449259407003476463', '15449352838481615396' ]
modelGuid = '15070486382632221399'

[rigidBody]
accel = [ 0.0, 0.0 ]
angularVel = 0.0
elasticicty = 0.0
guid = '2091576976424546894'
invMass = 0.10000000149011612
invMomentOfInertia = 0.20000000298023224
isStatic = false
netDepen = [ 0.0, 0.0 ]
netForce = [ 0.0, 0.0 ]
vel = [ 0.0, 0.0 ]

    [[rigidBody.colliders]]
    collisionLayer = 16
    guid = '2091576976424546894'
    isTrigger = false
    radius = 71.0
    type = 1
    verts = [ [ 0.0, -46.0 ] ]

    [[rigidBody.colliders]]
    collisionLayer = 4
    guid = '2091576976424546894'
    isTrigger = false
    radius = 60.0
    type = 1
    verts = [ [ 1.0, -46.0 ] ]

[sceneObject]
children = []
guid = '2091576976424546894'
name = 'Ecco'
parent = '0'
parts = 330
prefabBase = '2091576976424546894'
prefabStatus = 1

[transform]
euler = [ -179.9137420654297, -89.31501770019531, 899.9148559570312 ]
guid = '2091576976424546894'
position = [ 3000.0, 0.0, 450.0 ]
quaternion = [ 0.7049049735069275, 3.6621927392843645e-06, -0.7092646360397339, 1.0183306585531682e-05 ]
scale = [ 0.9999299049377441, 1.0, 0.9999299049377441 ]
