children = []

[ecco]
boostWheelTurnInfluence = 25.0
carMoveSpeed = 6000.0
carReverseMoveSpeed = 3000.0
controlState = false
deadZone = 0.6000000238418579
exceedingSlowIntensity = 3.5
guid = '2091576976424546894'
healingFromDamage = 2
healthBackgroundColour = [ 0.03844675049185753, 0.09765485674142838, 0.15686273574829102 ]
healthForegroundColour = [ 0.2191465049982071, 0.400000661611557, 0.7843137383460999 ]
healthOffsetX = -0.6179999709129333
healthOffsetY = -0.8450000286102295
healthScaleX = 0.30399999022483826
healthScaleY = 0.07699999958276749
maxCarMoveSpeed = 565.0
maxHealth = 100
maxReverseSpeed = 300.0
maxWheelAngle = 60.0
minSpeedDamageThreshold = 1.0
portionOfSidewaysSpeedKept = 80.0
sidewaysFrictionCoef = 65.0
speedBoost = 12500.0
speedBoostCooldown = 1.5
speedBoostDuration = 0.15000000596046448
speedBoostHPCost = 0
speedBoostInDirectionOfBody = false
speedDamage = 25
speedReductionAfterDamaging = 200.0
speedWheelTurnInfluence = 50.0
stoppingFrictionCoef = 80.0
turningCircleScalar = 0.05999999865889549
wheelDirection = [ -0.9303005337715149, -0.3667982816696167 ]
wheelTurnSpeed = 4.0

[health]
currHealth = 6
guid = '2091576976424546894'
maxHealth = 10

[modelRenderer]
guid = '2091576976424546894'
materialTint = [ 0.0, 0.4000000059604645, 0.800000011920929 ]
materials = [ '0', '15449259407003476463', '15449352838481615396' ]
modelGuid = '15070486382632221399'

[rigidBody]
accel = [ 0.0, 0.0 ]
angularVel = -0.0
elasticicty = 0.0
guid = '2091576976424546894'
invMass = 0.10000000149011612
invMomentOfInertia = 0.20000000298023224
isStatic = false
netDepen = [ 0.0, 0.0 ]
netForce = [ 0.0, 0.0 ]
vel = [
    -2.622626612886421e-23,
    -1.0340475520336597e-23
]

    [[rigidBody.colliders]]
    collisionLayer = 16
    guid = '2091576976424546894'
    isTrigger = false
    radius = 75.0
    type = 1
    verts = [ [ 33.0, 0.0 ] ]

    [[rigidBody.colliders]]
    collisionLayer = 4
    guid = '2091576976424546894'
    isTrigger = false
    radius = 44.0
    type = 1
    verts = [ [ 37.0, 0.0 ] ]

[sceneObject]
children = []
guid = '2091576976424546894'
name = 'Ecco'
parent = '0'
parts = 330
prefabBase = '2091576976424546894'
prefabStatus = 1

[transform]
euler = [ -179.99855041503906, -68.48284912109375, 899.999755859375 ]
guid = '2091576976424546894'
position = [ 692.7316284179688, 0.0, 94.81782531738281 ]
quaternion = [ 0.5627216100692749, 5.469366442412138e-06, -0.8266146183013916, 9.337951269117184e-06 ]
scale = [ 0.9999299049377441, 1.0, 0.9999299049377441 ]
