[ecco]
boostWheelTurnInfluence = 25.0
carMoveSpeed = 6000.0
carReverseMoveSpeed = 3000.0
controlState = false
deadZone = 0.6000000238418579
exceedingSlowIntensity = 3.5
guid = '2091576976424546894'
healingFromDamage = 1
maxCarMoveSpeed = 565.0
maxHealth = 10
maxReverseSpeed = 300.0
maxWheelAngle = 60.0
minSpeedDamageThreshold = 300.0
portionOfSidewaysSpeedKept = 80.0
sidewaysFrictionCoef = 65.0
speedBoost = 12500.0
speedBoostCooldown = 1.5
speedBoostDuration = 0.15000000596046448
speedBoostHPCost = 1
speedBoostInDirectionOfBody = false
speedDamage = 25
speedReductionAfterDamaging = 200.0
speedWheelTurnInfluence = 50.0
stoppingFrictionCoef = 80.0
turningCircleScalar = 0.05999999865889549
wheelDirection = [ -0.9229004383087158, -0.3850388824939728 ]
wheelTurnSpeed = 4.0

    [ecco.boostUI]
    backgroundColour = [ 0.4274509847164154, 0.21960784494876862, 0.26926952600479126 ]
    foregroundColour = [ 0.6853627562522888, 0.4503093361854553, 0.8141592741012573 ]
    offset = [ -0.5109999775886536, -0.9319999814033508 ]
    scale = [ 0.37299999594688416, 0.041999995708465576 ]

    [ecco.healthUI]
    backgroundColour = [ 0.21960784494876862, 0.32156863808631897, 0.4274509847164154 ]
    foregroundColour = [ 0.250980406999588, 0.4901960790157318, 1.0 ]
    offset = [ -0.5109999775886536, -0.8840000033378601 ]
    scale = [ 0.37299999594688416, 0.09000000357627869 ]

[health]
currHealth = 10
guid = '2091576976424546894'
maxHealth = 10

[modelRenderer]
guid = '2091576976424546894'
materialTint = [ 1.0, 1.0, 1.0 ]
materials = [ '0', '15449259407003476463', '15449352838481615396' ]
modelGuid = '15070486382632221399'

[rigidBody]
accel = [ 0.0, 0.0 ]
angularVel = -0.0
elasticicty = 0.0
guid = '2091576976424546894'
invMass = 0.10000000149011612
invMomentOfInertia = 0.20000000298023224
isStatic = false
netDepen = [ 0.0, 0.0 ]
netForce = [ 0.0, 0.0 ]
vel = [ 0.0, 0.0 ]

    [[rigidBody.colliders]]
    collisionLayer = 16
    guid = '2091576976424546894'
    isTrigger = false
    radius = 71.0
    type = 1
    verts = [ [ 0.0, -46.0 ] ]

    [[rigidBody.colliders]]
    collisionLayer = 4
    guid = '2091576976424546894'
    isTrigger = false
    radius = 60.0
    type = 1
    verts = [ [ 1.0, -46.0 ] ]

[sceneObject]
children = [ '1153871057560872383' ]
guid = '2091576976424546894'
name = 'Ecco'
parent = '0'
parts = 330
prefabBase = '2091576976424546894'
prefabStatus = 1

[transform]
euler = [ -179.91290283203125, -89.64974212646484, 179.91407775878906 ]
guid = '2091576976424546894'
position = [ 1171.975341796875, 0.0, -573.95068359375 ]
quaternion = [ 0.7049421072006226, 3.986060619354248e-06, -0.7092647552490234, 1.0512478183954954e-05 ]
scale = [ 0.9997994303703308, 1.0, 0.9997994303703308 ]

[[children]]
children = []

    [children.pointLight]
    canBeTriggered = false
    colour = [ 0.0, 2.8804361820220947, 5.0 ]
    effect = 0
    guid = '1153871057560872383'
    linear = 0.1475680023431778
    on = true
    quadratic = 0.08229801058769226
    range = 30.107999801635742
    triggerTag = ''

    [children.sceneObject]
    children = []
    guid = '1153871057560872383'
    name = 'Ecco light'
    parent = '2091576976424546894'
    parts = 16
    prefabBase = '0'
    prefabStatus = 0

    [children.transform]
    euler = [ -2.3991878705942327e-08, 3.609862324083224e-05, -1.7821706776999235e-08 ]
    guid = '1153871057560872383'
    position = [ -7.108713150024414, 112.5583724975586, -13.327266693115234 ]
    quaternion = [ 1.0, -2.0936857803022235e-10, 3.1501991770710447e-07, -1.5552366339210977e-10 ]
    scale = [ 1.0, 1.0, 1.0 ]
