[ecco]
boostWheelTurnInfluence = 25.0
carMoveSpeed = 300.0
carReverseMoveSpeed = 100.0
controlState = false
deadZone = 0.6000000238418579
exceedingSlowIntensity = 3.5
guid = '2091576976424546894'
healingFromDamage = 1
maxCarMoveSpeed = 550.0
maxHealth = 10
maxReverseSpeed = 150.0
maxWheelAngle = 55.0
minSpeedDamageThreshold = 1.0
portionOfSidewaysSpeedKept = 80.0
sidewaysFrictionCoef = 0.6499999761581421
speedBoost = 125.0
speedBoostCooldown = 1.5
speedBoostDuration = 0.15000000596046448
speedDamage = 2
speedReductionAfterDamaging = 0.0
speedWheelTurnInfluence = 50.0
stoppingFrictionCoef = 0.800000011920929
turningCircleScalar = 0.05999999865889549
wheelDirection = [ 0.9654886722564697, 0.26044487953186035 ]
wheelTurnSpeed = 4.0

[health]
currHealth = 10
guid = '2091576976424546894'
maxHealth = 10

[modelRenderer]
guid = '2091576976424546894'
materialTint = [ 0.0, 0.4000000059604645, 0.800000011920929 ]
materials = [ '0', '0' ]
modelGuid = '18261955999599967914'

[rigidBody]
accel = [ 0.0, 0.0 ]
angularVel = 0.0
elasticicty = 0.0
guid = '2091576976424546894'
invMass = 10.0
invMomentOfInertia = 0.20000000298023224
isStatic = false
netDepen = [ 0.0, 0.0 ]
netForce = [ 0.0, 0.0 ]
vel = [ 0.0, 0.0 ]

    [[rigidBody.colliders]]
    collisionLayer = 16
    guid = '2091576976424546894'
    isTrigger = false
    radius = 75.0
    type = 1
    verts = [ [ 33.0, 0.0 ] ]

    [[rigidBody.colliders]]
    collisionLayer = 4
    guid = '2091576976424546894'
    isTrigger = false
    radius = 44.0
    type = 1
    verts = [ [ 37.0, 0.0 ] ]

[sceneObject]
children = []
guid = '2091576976424546894'
name = 'Ecco'
parent = '0'
parts = 330
prefabBase = '0'
prefabStatus = 0
