[health]
currHealth = 100
guid = '2091576977596946314'
maxHealth = 100

[rigidBody]
accel = [ 0.0, 0.0 ]
angularVel = 0.0
elasticicty = 0.0
guid = '2091576977596946314'
invMass = 1.0
invMomentOfInertia = 0.20000000298023224
isStatic = false
netDepen = [ 0.0, 0.0 ]
netForce = [ 0.0, 0.0 ]
vel = [ 0.0, 0.0 ]

    [[rigidBody.colliders]]
    collisionLayer = 8
    guid = '2091576977596946314'
    isTrigger = false
    radius = 40.0
    type = 1
    verts = [ [ 0.0, 0.0 ] ]

[sceneObject]
children = [ '2236905023818184222' ]
guid = '2091576977596946314'
name = 'Sync'
parent = '0'
parts = 392
prefabBase = '2091576977596946314'
prefabStatus = 1

[sync]
barrelOffset = [ -37.0, 96.0, 12.0 ]
eccoRefractionAngle = 80.0
eccoRefractionCount = 5
enemyPierceCount = 99
guid = '2091576977596946314'
knockBackForceOverclock = 1200.0
knockBackForceSnipe = 400.0
lookDeadZone = 0.4000000059604645
maxMoveForce = 4000.0
maxStopForce = 4000.0
misfireColliderRadius = 0.10000000149011612
misfireDamage = 0
misfireShotSpeed = 0.10000000149011612
moveDeadZone = 0.4000000059604645
moveSpeed = 415.0
overclockBeamColour = [ 0.06395351886749268, 1.0, 0.0 ]
overclockBeamLifeSpan = 1.5
overclockBounceDamage = 100
overclockChargeTime = 1.5
overclockDamage = 100
overclockReboundCount = 1
rainbowDimming = 2.5
rainbowRebounding = true
shotWidth = 10.0
sniperBeamColour = [ 0.5641789436340332, 1.0, 0.5353982448577881 ]
sniperBeamLifeSpan = 0.5
sniperChargeTime = 0.30000001192092896
sniperDamage = 80
startSlowTime = 0.5
stopSlowTime = 1.5

    [sync.chargeUI]
    backgroundColour = [ 0.12156862765550613, 0.3529411852359772, 0.10196078568696976 ]
    foregroundColour = [ 0.10196078568696976, 1.0, 0.0 ]
    horizontal = true
    offset = [ 0.5, -0.9399999976158142 ]
    scale = [ 0.3779999911785126, 0.03799999877810478 ]

    [sync.healthUI]
    backgroundColour = [ 0.42352941632270813, 0.003921568859368563, 0.06666667014360428 ]
    foregroundColour = [ 0.9019607901573181, 0.13725490868091583, 0.16470588743686676 ]
    horizontal = true
    offset = [ 0.5, -0.8410000205039978 ]
    scale = [ 0.3779999911785126, 0.05299999937415123 ]

[transform]
euler = [ 0.0, 0.0, 0.0 ]
guid = '2091576977596946314'
isStatic = false
position = [ 2836.251953125, -0.016998419538140297, -692.2213134765625 ]
quaternion = [ 1.0, 0.0, 0.0, 0.0 ]
scale = [ 1.0, 1.0, 1.0 ]

[[children]]
children = []

    [children.animator]
    currentAnimationGUID = '15148335964655264906'
    guid = '2236905023818184222'
    otherCurrentAnimationGUID = '0'
    type = '1'

    [children.modelRenderer]
    guid = '2236905023818184222'
    materialTint = [ 1.0, 1.0, 1.0 ]
    materials = [ '2229847150575832532', '0' ]
    modelGuid = '2234949598158592467'

    [children.sceneObject]
    children = []
    guid = '2236905023818184222'
    name = 'Sink Model'
    parent = '2091576977596946314'
    parts = 6
    prefabBase = '2236905023818184222'
    prefabStatus = 0

    [children.transform]
    euler = [ 0.0, -90.0, 0.0 ]
    guid = '2236905023818184222'
    isStatic = true
    position = [ 0.0, 0.0, 0.0 ]
    quaternion = [ 0.7071067690849304, 0.0, -0.7071067690849304, 0.0 ]
    scale = [ 1.0, 1.0, 1.0 ]
