children = []

[health]
currHealth = 5
guid = '2091576977596946314'
maxHealth = 5

[modelRenderer]
guid = '2091576977596946314'
materialTint = [ 0.0, 0.800000011920929, 0.0 ]
materials = [ '0' ]
modelGuid = '18138382404370373262'

[rigidBody]
accel = [ 0.0, 0.0 ]
angularVel = 0.0
elasticicty = 0.0
guid = '2091576977596946314'
invMass = 1.0
invMomentOfInertia = 0.20000000298023224
isStatic = false
netDepen = [ 0.0, 0.0 ]
netForce = [ 0.0, 0.0 ]
vel = [ 0.0, 0.0 ]

    [[rigidBody.colliders]]
    collisionLayer = 8
    guid = '2091576977596946314'
    isTrigger = false
    radius = 40.0
    type = 1
    verts = [ [ 0.0, 0.0 ] ]

[sceneObject]
children = []
guid = '2091576977596946314'
name = 'Sync'
parent = '0'
parts = 394
prefabBase = '2091576977596946314'
prefabStatus = 1

[sync]
barrelOffset = [ -75.0, 70.0, 5.0 ]
chargeBackgroundColour = [ 0.4215686321258545, 0.002066506538540125, 0.06538752466440201 ]
chargeForegroundColour = [ 0.9019607901573181, 0.137062668800354, 0.16504670679569244 ]
chargeOffsetX = 0.5
chargeOffsetY = -0.9399999976158142
chargeScaleX = 0.3779999911785126
chargeScaleY = 0.03799999877810478
eccoRefractionAngle = 70.0
eccoRefractionCount = 5
enemyPierceCount = 99
guid = '2091576977596946314'
healthBackgroundColour = [ 0.12239838391542435, 0.3529411554336548, 0.10380621254444122 ]
healthForegroundColour = [ 0.10000000149011612, 1.0, 0.0 ]
healthOffsetX = 0.5
healthOffsetY = -0.8410000205039978
healthScaleX = 0.3779999911785126
healthScaleY = 0.05299999937415123
lookDeadZone = 0.4000000059604645
maxMoveForce = 4000.0
maxStopForce = 4000.0
misfireColliderRadius = 0.10000000149011612
misfireDamage = 0
misfireShotSpeed = 0.10000000149011612
moveDeadZone = 0.4000000059604645
moveSpeed = 400.0
overclockBeamColour = [ 0.06395351886749268, 1.0, 0.0 ]
overclockBeamLifeSpan = 1.5
overclockChargeTime = 1.7999999523162842
overclockDamage = 150
overclockReboundCount = 1
sniperBeamColour = [ 0.5641789436340332, 1.0, 0.5353982448577881 ]
sniperBeamLifeSpan = 0.5
sniperChargeTime = 0.30000001192092896
sniperDamage = 50
startSlowTime = 0.5
stopSlowTime = 1.5

[transform]
euler = [ -360.0, 180.0, 0.0 ]
guid = '2091576977596946314'
position = [ 0.0, 0.0, 0.0 ]
quaternion = [
    4.371138828673793e-08,
    -3.82137093032941e-15,
    -1.0,
    -8.742277657347586e-08
]
scale = [ 1.0, 1.0, 1.0 ]
