children = []

[health]
currHealth = 5
guid = '2091576977596946314'
maxHealth = 5

[modelRenderer]
guid = '2091576977596946314'
materialTint = [ 0.0, 0.800000011920929, 0.0 ]
materials = [ '0' ]
modelGuid = '18138382404370373262'

[rigidBody]
accel = [ 0.0, 0.0 ]
angularVel = 0.0
elasticicty = 0.0
guid = '2091576977596946314'
invMass = 1.0
invMomentOfInertia = 0.20000000298023224
isStatic = false
netDepen = [ 0.0, 0.0 ]
netForce = [ 0.0, 0.0 ]
vel = [ 0.0, 0.0 ]

    [[rigidBody.colliders]]
    collisionLayer = 8
    guid = '2091576977596946314'
    isTrigger = false
    radius = 40.0
    type = 1
    verts = [ [ 0.0, 0.0 ] ]

[sceneObject]
children = []
guid = '2091576977596946314'
name = 'Sync'
parent = '0'
parts = 394
prefabBase = '2091576977596946314'
prefabStatus = 1

[sync]
barrelOffset = [ -75.0, 70.0, 5.0 ]
eccoRefractionAngle = 70.0
eccoRefractionCount = 5
enemyPierceCount = 99
guid = '2091576977596946314'
knockBackForce = 1.0
lookDeadZone = 0.4000000059604645
maxMoveForce = 4000.0
maxStopForce = 4000.0
misfireColliderRadius = 0.10000000149011612
misfireDamage = 0
misfireShotSpeed = 0.10000000149011612
moveDeadZone = 0.4000000059604645
moveSpeed = 400.0
overclockBeamColour = [ 0.06395351886749268, 1.0, 0.0 ]
overclockBeamLifeSpan = 1.5
overclockBounceDamage = 100
overclockChargeTime = 1.5
overclockDamage = 200
overclockReboundCount = 1
rainbowDimming = 2.5
rainbowRebounding = true
sniperBeamColour = [ 0.5641789436340332, 1.0, 0.5353982448577881 ]
sniperBeamLifeSpan = 0.5
sniperChargeTime = 0.30000001192092896
sniperDamage = 100
startSlowTime = 0.5
stopSlowTime = 1.5

    [sync.chargeUI]
    backgroundColour = [ 0.12156862765550613, 0.3529411852359772, 0.10196078568696976 ]
    foregroundColour = [ 0.10196078568696976, 1.0, 0.0 ]
    offset = [ 0.5, -0.9399999976158142 ]
    scale = [ 0.3779999911785126, 0.03799999877810478 ]

    [sync.healthUI]
    backgroundColour = [ 0.42352941632270813, 0.003921568859368563, 0.06666667014360428 ]
    foregroundColour = [ 0.9019607901573181, 0.13725490868091583, 0.16470588743686676 ]
    offset = [ 0.5, -0.8410000205039978 ]
    scale = [ 0.3779999911785126, 0.05299999937415123 ]

[transform]
euler = [ 179.99998474121094, 180.0, 180.0 ]
guid = '2091576977596946314'
position = [ 783.5625, -0.00390625, 1597.0 ]
quaternion = [ 1.0, -1.9470718370939721e-07, -4.3711395392165286e-08, 4.371138118131057e-08 ]
scale = [ 1.0, 1.0, 1.0 ]
