cameraMoveSpeed = 0.33000001311302185
cameraPositionDelta = [ 570.4000244140625, 1000.0, 809.7999877929688 ]
cameraZoomInSpeed = 0.009999999776482582
cameraZoomMaximum = 205.0
cameraZoomMinimum = 125.0
cameraZoomOutSpeed = 0.33000001311302185
cameraZoomScale = 0.12999999523162842
viewAngle = [ -135.0, 35.0, -120.0 ]
