cameraFov = 4.699999809265137
cameraMoveSpeed = 0.33000001311302185
cameraPositionDelta = [ 700.0, 1000.0, 700.0 ]
cameraZoomClosestDistance = 400.0
cameraZoomFurthestDistance = 2500.0
cameraZoomInSpeed = 0.5
cameraZoomMaximum = 30000.0
cameraZoomMinimum = 13320.0
cameraZoomOutSpeed = 0.5
cameraZoomScale = 0.125
viewAngle = [ 45.5, 215.0, 0.0 ]
