colourTime = 0.4000000059604645
damageColour = [ 0.800000011920929, 0.0, 0.0 ]
healColour = [ 0.0, 0.800000011920929, 0.0 ]
healDistance = 4000.0
healingAbilityCooldown = 30.0
healsPerPulse = 2
losToleranceTime = 0.4000000059604645
pulses = 5
timeBetweenPulses = 0.20000000298023224
