colourTime = 0.4000000059604645
cooldown = 0.10000000149011612
damageColour = [ 0.800000011920929, 0.0, 0.0 ]
healColour = [ 0.0, 0.800000011920929, 0.0 ]
healDistance = 4000.0
healPerPulse = 15
healingAbilityCooldown = 15.0
losToleranceTime = 0.4000000059604645
pulses = 5
timeBetweenPulses = 0.6000000238418579

[abilityUI]
backgroundColour = [ 0.3019607961177826, 0.3019607961177826, 0.3019607961177826 ]
foregroundColour = [ 0.3019607961177826, 1.0, 0.3019607961177826 ]
horizontal = false
offset = [ 0.0, 0.8949999809265137 ]
scale = [ 0.03999999910593033, 0.0599999725818634 ]
