colourTime = 0.4000000059604645
cooldown = 0.10000000149011612
damageColour = [ 0.800000011920929, 0.0, 0.0 ]
healColour = [ 0.0, 0.800000011920929, 0.0 ]
healDistance = 4000.0
healPerPulse = 1
healingAbilityCooldown = 15.0
losToleranceTime = 0.4000000059604645
pulses = 5
timeBetweenPulses = 0.6000000238418579

[abilityUI]
backgroundColour = [ 0.3019607961177826, 0.3019607961177826, 0.3019607961177826 ]
foregroundColour = [ 0.3019607961177826, 1.0, 0.3019607961177826 ]
offset = [ 0.0, -0.8769999742507935 ]
scale = [ 0.06199999898672104, 0.0989999994635582 ]
