colourTime = 0.800000011920929
damageColour = [ 0.800000011920929, 0.0, 0.0 ]
healColour = [ 0.0, 0.800000011920929, 0.0 ]
healDistance = 7120.0
healingAbilityCooldown = 39.20000076293945
healsPerPulse = 0
losToleranceTime = 1.659999966621399
pulses = 162
timeBetweenPulses = 1.0
